if game.PlaceId == 2753915549 then World1 = true elseif game.PlaceId == 4442272183 then World2 = true elseif game.PlaceId == 7449423635 then World3 = true else game:GetService("Players").LocalPlayer:Kick("Do not Support, Please wait...") end function CheckQuest() MyLevel = game:GetService("Players").LocalPlayer.Data.Level.Value if World1 then if MyLevel == 1 or MyLevel <= 9 then Mon = "Bandit" LevelQuest = 1 NameQuest = "BanditQuest1" NameMon = "Bandit" CFrameQuest = CFrame.new(1059.37195, 15.4495068, 1550.4231, 0.939700544, -0, -0.341998369, 0, 1, -0, 0.341998369, 0, 0.939700544) CFrameMon = CFrame.new(1045.962646484375, 27.00250816345215, 1560.8203125) elseif MyLevel == 10 or MyLevel <= 14 then Mon = "Monkey" LevelQuest = 1 NameQuest = "JungleQuest" NameMon = "Monkey" CFrameQuest = CFrame.new(-1598.08911, 35.5501175, 153.377838, 0, 0, 1, 0, 1, -0, -1, 0, 0) CFrameMon = CFrame.new(-1448.51806640625, 67.85301208496094, 11.46579647064209) elseif MyLevel == 15 or MyLevel <= 29 then Mon = "Gorilla" LevelQuest = 2 NameQuest = "JungleQuest" NameMon = "Gorilla" CFrameQuest = CFrame.new(-1598.08911, 35.5501175, 153.377838, 0, 0, 1, 0, 1, -0, -1, 0, 0) CFrameMon = CFrame.new(-1129.8836669921875, 40.46354675292969, -525.4237060546875) elseif MyLevel == 30 or MyLevel <= 39 then Mon = "Pirate" LevelQuest = 1 NameQuest = "BuggyQuest1" NameMon = "Pirate" CFrameQuest = CFrame.new(-1141.07483, 4.10001802, 3831.5498, 0.965929627, -0, -0.258804798, 0, 1, -0, 0.258804798, 0, 0.965929627) CFrameMon = CFrame.new(-1103.513427734375, 13.752052307128906, 3896.091064453125) elseif MyLevel == 40 or MyLevel <= 59 then Mon = "Brute" LevelQuest = 2 NameQuest = "BuggyQuest1" NameMon = "Brute" CFrameQuest = CFrame.new(-1141.07483, 4.10001802, 3831.5498, 0.965929627, -0, -0.258804798, 0, 1, -0, 0.258804798, 0, 0.965929627) CFrameMon = CFrame.new(-1140.083740234375, 14.809885025024414, 4322.92138671875) elseif MyLevel == 60 or MyLevel <= 74 then Mon = "Desert Bandit" LevelQuest = 1 NameQuest = "DesertQuest" NameMon = "Desert Bandit" CFrameQuest = CFrame.new(894.488647, 5.14000702, 4392.43359, 0.819155693, -0, -0.573571265, 0, 1, -0, 0.573571265, 0, 0.819155693) CFrameMon = CFrame.new(924.7998046875, 6.44867467880249, 4481.5859375) elseif MyLevel == 75 or MyLevel <= 89 then Mon = "Desert Officer" LevelQuest = 2 NameQuest = "DesertQuest" NameMon = "Desert Officer" CFrameQuest = CFrame.new(894.488647, 5.14000702, 4392.43359, 0.819155693, -0, -0.573571265, 0, 1, -0, 0.573571265, 0, 0.819155693) CFrameMon = CFrame.new(1608.2822265625, 8.614224433898926, 4371.00732421875) elseif MyLevel == 90 or MyLevel <= 99 then Mon = "Snow Bandit" LevelQuest = 1 NameQuest = "SnowQuest" NameMon = "Snow Bandit" CFrameQuest = CFrame.new(1389.74451, 88.1519318, -1298.90796, -0.342042685, 0, 0.939684391, 0, 1, 0, -0.939684391, 0, -0.342042685) CFrameMon = CFrame.new(1354.347900390625, 87.27277374267578, -1393.946533203125) elseif MyLevel == 100 or MyLevel <= 119 then Mon = "Snowman" LevelQuest = 2 NameQuest = "SnowQuest" NameMon = "Snowman" CFrameQuest = CFrame.new(1389.74451, 88.1519318, -1298.90796, -0.342042685, 0, 0.939684391, 0, 1, 0, -0.939684391, 0, -0.342042685) CFrameMon = CFrame.new(1201.6412353515625, 144.57958984375, -1550.0670166015625) elseif MyLevel == 120 or MyLevel <= 149 then Mon = "Chief Petty Officer" LevelQuest = 1 NameQuest = "MarineQuest2" NameMon = "Chief Petty Officer" CFrameQuest = CFrame.new(-5039.58643, 27.3500385, 4324.68018, 0, 0, -1, 0, 1, 0, 1, 0, 0) CFrameMon = CFrame.new(-4881.23095703125, 22.65204429626465, 4273.75244140625) elseif MyLevel == 150 or MyLevel <= 174 then Mon = "Sky Bandit" LevelQuest = 1 NameQuest = "SkyQuest" NameMon = "Sky Bandit" CFrameQuest = CFrame.new(-4839.53027, 716.368591, -2619.44165, 0.866007268, 0, 0.500031412, 0, 1, 0, -0.500031412, 0, 0.866007268) CFrameMon = CFrame.new(-4953.20703125, 295.74420166015625, -2899.22900390625) elseif MyLevel == 175 or MyLevel <= 189 then Mon = "Dark Master" LevelQuest = 2 NameQuest = "SkyQuest" NameMon = "Dark Master" CFrameQuest = CFrame.new(-4839.53027, 716.368591, -2619.44165, 0.866007268, 0, 0.500031412, 0, 1, 0, -0.500031412, 0, 0.866007268) CFrameMon = CFrame.new(-5259.8447265625, 391.3976745605469, -2229.035400390625) elseif MyLevel == 190 or MyLevel <= 209 then Mon = "Prisoner" LevelQuest = 1 NameQuest = "PrisonerQuest" NameMon = "Prisoner" CFrameQuest = CFrame.new(5308.93115, 1.65517521, 475.120514, -0.0894274712, -5.00292918e-09, -0.995993316, 1.60817859e-09, 1, -5.16744869e-09, 0.995993316, -2.06384709e-09, -0.0894274712) CFrameMon = CFrame.new(5098.9736328125, -0.3204058110713959, 474.2373352050781) elseif MyLevel == 210 or MyLevel <= 249 then Mon = "Dangerous Prisoner" LevelQuest = 2 NameQuest = "PrisonerQuest" NameMon = "Dangerous Prisoner" CFrameQuest = CFrame.new(5308.93115, 1.65517521, 475.120514, -0.0894274712, -5.00292918e-09, -0.995993316, 1.60817859e-09, 1, -5.16744869e-09, 0.995993316, -2.06384709e-09, -0.0894274712) CFrameMon = CFrame.new(5654.5634765625, 15.633401870727539, 866.2991943359375) elseif MyLevel == 250 or MyLevel <= 274 then Mon = "Toga Warrior" LevelQuest = 1 NameQuest = "ColosseumQuest" NameMon = "Toga Warrior" CFrameQuest = CFrame.new(-1580.04663, 6.35000277, -2986.47534, -0.515037298, 0, -0.857167721, 0, 1, 0, 0.857167721, 0, -0.515037298) CFrameMon = CFrame.new(-1820.21484375, 51.68385696411133, -2740.6650390625) elseif MyLevel == 275 or MyLevel <= 299 then Mon = "Gladiator" LevelQuest = 2 NameQuest = "ColosseumQuest" NameMon = "Gladiator" CFrameQuest = CFrame.new(-1580.04663, 6.35000277, -2986.47534, -0.515037298, 0, -0.857167721, 0, 1, 0, 0.857167721, 0, -0.515037298) CFrameMon = CFrame.new(-1292.838134765625, 56.380882263183594, -3339.031494140625) elseif MyLevel == 300 or MyLevel <= 324 then Mon = "Military Soldier" LevelQuest = 1 NameQuest = "MagmaQuest" NameMon = "Military Soldier" CFrameQuest = CFrame.new(-5313.37012, 10.9500084, 8515.29395, -0.499959469, 0, 0.866048813, 0, 1, 0, -0.866048813, 0, -0.499959469) CFrameMon = CFrame.new(-5411.16455078125, 11.081554412841797, 8454.29296875) elseif MyLevel == 325 or MyLevel <= 374 then Mon = "Military Spy" LevelQuest = 2 NameQuest = "MagmaQuest" NameMon = "Military Spy" CFrameQuest = CFrame.new(-5313.37012, 10.9500084, 8515.29395, -0.499959469, 0, 0.866048813, 0, 1, 0, -0.866048813, 0, -0.499959469) CFrameMon = CFrame.new(-5802.8681640625, 86.26241302490234, 8828.859375) elseif MyLevel == 375 or MyLevel <= 399 then Mon = "Fishman Warrior" LevelQuest = 1 NameQuest = "FishmanQuest" NameMon = "Fishman Warrior" CFrameQuest = CFrame.new(61122.65234375, 18.497442245483, 1569.3997802734) CFrameMon = CFrame.new(60878.30078125, 18.482830047607422, 1543.7574462890625) if _G.AutoFarm and (CFrameQuest.Position - game.Players.LocalPlayer.Character.HumanoidRootPart.Position).Magnitude > 10000 then game:GetService("ReplicatedStorage").Remotes.CommF_:InvokeServer("requestEntrance",Vector3.new(61163.8515625, 11.6796875, 1819.7841796875)) end elseif MyLevel == 400 or MyLevel <= 449 then Mon = "Fishman Commando" LevelQuest = 2 NameQuest = "FishmanQuest" NameMon = "Fishman Commando" CFrameQuest = CFrame.new(61122.65234375, 18.497442245483, 1569.3997802734) CFrameMon = CFrame.new(61922.6328125, 18.482830047607422, 1493.934326171875) if _G.AutoFarm and (CFrameQuest.Position - game.Players.LocalPlayer.Character.HumanoidRootPart.Position).Magnitude > 10000 then game:GetService("ReplicatedStorage").Remotes.CommF_:InvokeServer("requestEntrance",Vector3.new(61163.8515625, 11.6796875, 1819.7841796875)) end elseif MyLevel == 450 or MyLevel <= 474 then Mon = "God's Guard" LevelQuest = 1 NameQuest = "SkyExp1Quest" NameMon = "God's Guard" CFrameQuest = CFrame.new(-4721.88867, 843.874695, -1949.96643, 0.996191859, -0, -0.0871884301, 0, 1, -0, 0.0871884301, 0, 0.996191859) CFrameMon = CFrame.new(-4710.04296875, 845.2769775390625, -1927.3079833984375) if _G.AutoFarm and (CFrameQuest.Position - game.Players.LocalPlayer.Character.HumanoidRootPart.Position).Magnitude > 10000 then game:GetService("ReplicatedStorage").Remotes.CommF_:InvokeServer("requestEntrance",Vector3.new(-4607.82275, 872.54248, -1667.55688)) end elseif MyLevel == 475 or MyLevel <= 524 then Mon = "Shanda" LevelQuest = 2 NameQuest = "SkyExp1Quest" NameMon = "Shanda" CFrameQuest = CFrame.new(-7859.09814, 5544.19043, -381.476196, -0.422592998, 0, 0.906319618, 0, 1, 0, -0.906319618, 0, -0.422592998) CFrameMon = CFrame.new(-7678.48974609375, 5566.40380859375, -497.2156066894531) if _G.AutoFarm and (CFrameQuest.Position - game.Players.LocalPlayer.Character.HumanoidRootPart.Position).Magnitude > 10000 then game:GetService("ReplicatedStorage").Remotes.CommF_:InvokeServer("requestEntrance",Vector3.new(-7894.6176757813, 5547.1416015625, -380.29119873047)) end elseif MyLevel == 525 or MyLevel <= 549 then Mon = "Royal Squad" LevelQuest = 1 NameQuest = "SkyExp2Quest" NameMon = "Royal Squad" CFrameQuest = CFrame.new(-7906.81592, 5634.6626, -1411.99194, 0, 0, -1, 0, 1, 0, 1, 0, 0) CFrameMon = CFrame.new(-7624.25244140625, 5658.13330078125, -1467.354248046875) elseif MyLevel == 550 or MyLevel <= 624 then Mon = "Royal Soldier" LevelQuest = 2 NameQuest = "SkyExp2Quest" NameMon = "Royal Soldier" CFrameQuest = CFrame.new(-7906.81592, 5634.6626, -1411.99194, 0, 0, -1, 0, 1, 0, 1, 0, 0) CFrameMon = CFrame.new(-7836.75341796875, 5645.6640625, -1790.6236572265625) elseif MyLevel == 625 or MyLevel <= 649 then Mon = "Galley Pirate" LevelQuest = 1 NameQuest = "FountainQuest" NameMon = "Galley Pirate" CFrameQuest = CFrame.new(5259.81982, 37.3500175, 4050.0293, 0.087131381, 0, 0.996196866, 0, 1, 0, -0.996196866, 0, 0.087131381) CFrameMon = CFrame.new(5551.02197265625, 78.90135192871094, 3930.412841796875) elseif MyLevel >= 650 then Mon = "Galley Captain" LevelQuest = 2 NameQuest = "FountainQuest" NameMon = "Galley Captain" CFrameQuest = CFrame.new(5259.81982, 37.3500175, 4050.0293, 0.087131381, 0, 0.996196866, 0, 1, 0, -0.996196866, 0, 0.087131381) CFrameMon = CFrame.new(5441.95166015625, 42.50205993652344, 4950.09375) end elseif World2 then if MyLevel == 700 or MyLevel <= 724 then Mon = "Raider" LevelQuest = 1 NameQuest = "Area1Quest" NameMon = "Raider" CFrameQuest = CFrame.new(-429.543518, 71.7699966, 1836.18188, -0.22495985, 0, -0.974368095, 0, 1, 0, 0.974368095, 0, -0.22495985) CFrameMon = CFrame.new(-728.3267211914062, 52.779319763183594, 2345.7705078125) elseif MyLevel == 725 or MyLevel <= 774 then Mon = "Mercenary" LevelQuest = 2 NameQuest = "Area1Quest" NameMon = "Mercenary" CFrameQuest = CFrame.new(-429.543518, 71.7699966, 1836.18188, -0.22495985, 0, -0.974368095, 0, 1, 0, 0.974368095, 0, -0.22495985) CFrameMon = CFrame.new(-1004.3244018554688, 80.15886688232422, 1424.619384765625) elseif MyLevel == 775 or MyLevel <= 799 then Mon = "Swan Pirate" LevelQuest = 1 NameQuest = "Area2Quest" NameMon = "Swan Pirate" CFrameQuest = CFrame.new(638.43811, 71.769989, 918.282898, 0.139203906, 0, 0.99026376, 0, 1, 0, -0.99026376, 0, 0.139203906) CFrameMon = CFrame.new(1068.664306640625, 137.61428833007812, 1322.1060791015625) elseif MyLevel == 800 or MyLevel <= 874 then Mon = "Factory Staff" NameQuest = "Area2Quest" LevelQuest = 2 NameMon = "Factory Staff" CFrameQuest = CFrame.new(632.698608, 73.1055908, 918.666321, -0.0319722369, 8.96074881e-10, -0.999488771, 1.36326533e-10, 1, 8.92172336e-10, 0.999488771, -1.07732087e-10, -0.0319722369) CFrameMon = CFrame.new(73.07867431640625, 81.86344146728516, -27.470672607421875) elseif MyLevel == 875 or MyLevel <= 899 then Mon = "Marine Lieutenant" LevelQuest = 1 NameQuest = "MarineQuest3" NameMon = "Marine Lieutenant" CFrameQuest = CFrame.new(-2440.79639, 71.7140732, -3216.06812, 0.866007268, 0, 0.500031412, 0, 1, 0, -0.500031412, 0, 0.866007268) CFrameMon = CFrame.new(-2821.372314453125, 75.89727783203125, -3070.089111328125) elseif MyLevel == 900 or MyLevel <= 949 then Mon = "Marine Captain" LevelQuest = 2 NameQuest = "MarineQuest3" NameMon = "Marine Captain" CFrameQuest = CFrame.new(-2440.79639, 71.7140732, -3216.06812, 0.866007268, 0, 0.500031412, 0, 1, 0, -0.500031412, 0, 0.866007268) CFrameMon = CFrame.new(-1861.2310791015625, 80.17658233642578, -3254.697509765625) elseif MyLevel == 950 or MyLevel <= 974 then Mon = "Zombie" LevelQuest = 1 NameQuest = "ZombieQuest" NameMon = "Zombie" CFrameQuest = CFrame.new(-5497.06152, 47.5923004, -795.237061, -0.29242146, 0, -0.95628953, 0, 1, 0, 0.95628953, 0, -0.29242146) CFrameMon = CFrame.new(-5657.77685546875, 78.96973419189453, -928.68701171875) elseif MyLevel == 975 or MyLevel <= 999 then Mon = "Vampire" LevelQuest = 2 NameQuest = "ZombieQuest" NameMon = "Vampire" CFrameQuest = CFrame.new(-5497.06152, 47.5923004, -795.237061, -0.29242146, 0, -0.95628953, 0, 1, 0, 0.95628953, 0, -0.29242146) CFrameMon = CFrame.new(-6037.66796875, 32.18463897705078, -1340.6597900390625) elseif MyLevel == 1000 or MyLevel <= 1049 then Mon = "Snow Trooper" LevelQuest = 1 NameQuest = "SnowMountainQuest" NameMon = "Snow Trooper" CFrameQuest = CFrame.new(609.858826, 400.119904, -5372.25928, -0.374604106, 0, 0.92718488, 0, 1, 0, -0.92718488, 0, -0.374604106) CFrameMon = CFrame.new(549.1473388671875, 427.3870544433594, -5563.69873046875) elseif MyLevel == 1050 or MyLevel <= 1099 then Mon = "Winter Warrior" LevelQuest = 2 NameQuest = "SnowMountainQuest" NameMon = "Winter Warrior" CFrameQuest = CFrame.new(609.858826, 400.119904, -5372.25928, -0.374604106, 0, 0.92718488, 0, 1, 0, -0.92718488, 0, -0.374604106) CFrameMon = CFrame.new(1142.7451171875, 475.6398010253906, -5199.41650390625) elseif MyLevel == 1100 or MyLevel <= 1124 then Mon = "Lab Subordinate" LevelQuest = 1 NameQuest = "IceSideQuest" NameMon = "Lab Subordinate" CFrameQuest = CFrame.new(-6064.06885, 15.2422857, -4902.97852, 0.453972578, -0, -0.891015649, 0, 1, -0, 0.891015649, 0, 0.453972578) CFrameMon = CFrame.new(-5707.4716796875, 15.951709747314453, -4513.39208984375) elseif MyLevel == 1125 or MyLevel <= 1174 then Mon = "Horned Warrior" LevelQuest = 2 NameQuest = "IceSideQuest" NameMon = "Horned Warrior" CFrameQuest = CFrame.new(-6064.06885, 15.2422857, -4902.97852, 0.453972578, -0, -0.891015649, 0, 1, -0, 0.891015649, 0, 0.453972578) CFrameMon = CFrame.new(-6341.36669921875, 15.951770782470703, -5723.162109375) elseif MyLevel == 1175 or MyLevel <= 1199 then Mon = "Magma Ninja" LevelQuest = 1 NameQuest = "FireSideQuest" NameMon = "Magma Ninja" CFrameQuest = CFrame.new(-5428.03174, 15.0622921, -5299.43457, -0.882952213, 0, 0.469463557, 0, 1, 0, -0.469463557, 0, -0.882952213) CFrameMon = CFrame.new(-5449.6728515625, 76.65874481201172, -5808.20068359375) elseif MyLevel == 1200 or MyLevel <= 1249 then Mon = "Lava Pirate" LevelQuest = 2 NameQuest = "FireSideQuest" NameMon = "Lava Pirate" CFrameQuest = CFrame.new(-5428.03174, 15.0622921, -5299.43457, -0.882952213, 0, 0.469463557, 0, 1, 0, -0.469463557, 0, -0.882952213) CFrameMon = CFrame.new(-5213.33154296875, 49.73788070678711, -4701.451171875) elseif MyLevel == 1250 or MyLevel <= 1274 then Mon = "Ship Deckhand" LevelQuest = 1 NameQuest = "ShipQuest1" NameMon = "Ship Deckhand" CFrameQuest = CFrame.new(1037.80127, 125.092171, 32911.6016) CFrameMon = CFrame.new(1212.0111083984375, 150.79205322265625, 33059.24609375) if _G.AutoFarm and (CFrameQuest.Position - game.Players.LocalPlayer.Character.HumanoidRootPart.Position).Magnitude > 10000 then game:GetService("ReplicatedStorage").Remotes.CommF_:InvokeServer("requestEntrance",Vector3.new(923.21252441406, 126.9760055542, 32852.83203125)) end elseif MyLevel == 1275 or MyLevel <= 1349 then Mon = "Ship Deckhand2" LevelQuest = 2 NameQuest = "ShipQuest2" NameMon = "Ship Deckhand2" CFrameQuest = CFrame.new(1037.80127, 125.092171, 32911.6016) CFrameMon = CFrame.new(1472.937255859375, 140.70933532714844, 33261.27734375) elseif MyLevel == 1350 or MyLevel <= 1400 then Mon = "Vayne" LevelQuest = 1 NameQuest = "VayneQuest" NameMon = "Vayne" CFrameQuest = CFrame.new(1037.80127, 125.092171, 32911.6016) CFrameMon = CFrame.new(1472.937255859375, 140.70933532714844, 33261.27734375) if _G.AutoFarm and (CFrameQuest.Position - game.Players.LocalPlayer.Character.HumanoidRootPart.Position).Magnitude > 10000 then game:GetService("ReplicatedStorage").Remotes.CommF_:InvokeServer("requestEntrance",Vector3.new(923.21252441406, 126.9760055542, 32852.83203125)) end elseif MyLevel == 1400 or MyLevel <= 1500 then Mon = "Saber Expert" LevelQuest = 2 NameQuest = "SaberQuest" NameMon = "Saber Expert" CFrameQuest = CFrame.new(1037.80127, 125.092171, 32911.6016) CFrameMon = CFrame.new(1472.937255859375, 140.70933532714844, 33261.27734375) if _G.AutoFarm and (CFrameQuest.Position - game.Players.LocalPlayer.Character.HumanoidRootPart.Position).Magnitude > 10000 then game:GetService("ReplicatedStorage").Remotes.CommF_:InvokeServer("requestEntrance",Vector3.new(923.21252441406, 126.9760055542, 32852.83203125)) end end elseif World3 then if MyLevel >= 1500 and MyLevel <= 1524 then Mon = "Marine Sergeant" LevelQuest = 1 NameQuest = "3rdSeaQuest" NameMon = "Marine Sergeant" CFrameQuest = CFrame.new(-1882.02942, 12.8198519, 1729.58557, -0.999965012, 0, -0.00839818827, 0, 1, 0, 0.00839818827, 0, -0.999965012) CFrameMon = CFrame.new(-1960.9705810546875, 12.81985187530533, 1740.0531005859375) elseif MyLevel >= 1525 and MyLevel <= 1574 then Mon = "Marine Captain" LevelQuest = 2 NameQuest = "3rdSeaQuest" NameMon = "Marine Captain" CFrameQuest = CFrame.new(-1882.02942, 12.8198519, 1729.58557, -0.999965012, 0, -0.00839818827, 0, 1, 0, 0.00839818827, 0, -0.999965012) CFrameMon = CFrame.new(-1955.7725830078125, 23.364273071289062, 1851.99658203125) elseif MyLevel >= 1575 and MyLevel <= 1624 then Mon = "Island Guardian" LevelQuest = 1 NameQuest = "PortQuest" NameMon = "Island Guardian" CFrameQuest = CFrame.new(2011.05432, 15.0118847, -2630.55127, 0.529919565, 0, -0.848092794, 0, 1, 0, 0.848092794, 0, 0.529919565) CFrameMon = CFrame.new(1923.32763671875, 22.825227737426758, -2523.864013671875) elseif MyLevel >= 1625 and MyLevel <= 1699 then Mon = "Darkblade User" LevelQuest = 2 NameQuest = "PortQuest" NameMon = "Darkblade User" CFrameQuest = CFrame.new(2011.05432, 15.0118847, -2630.55127, 0.529919565, 0, -0.848092794, 0, 1, 0, 0.848092794, 0, 0.529919565) CFrameMon = CFrame.new(2145.485107421875, 41.52763366699219, -2991.685302734375) elseif MyLevel >= 1700 and MyLevel <= 1749 then Mon = "Cyborg" LevelQuest = 1 NameQuest = "CyborgQuest" NameMon = "Cyborg" CFrameQuest = CFrame.new(-3090.87573, 22.8447838, 203.491638, 0, 0, -1, 0, 1, 0, 1, 0, 0) CFrameMon = CFrame.new(-3119.539794921875, 23.411640167236328, 114.71761322021484) elseif MyLevel >= 1750 and MyLevel <= 1799 then Mon = "Murloc" LevelQuest = 2 NameQuest = "CyborgQuest" NameMon = "Murloc" CFrameQuest = CFrame.new(-3090.87573, 22.8447838, 203.491638, 0, 0, -1, 0, 1, 0, 1, 0, 0) CFrameMon = CFrame.new(-3389.923828125, 22.844783782958984, 137.96200561523438) elseif MyLevel >= 1800 and MyLevel <= 1849 then Mon = "Soulless" LevelQuest = 1 NameQuest = "SeaOfTreatsQuest1" NameMon = "Soulless" CFrameQuest = CFrame.new(3522.09106, 15.0118675, 2011.59766, -0.87768817, 0, 0.479505479, 0, 1, 0, -0.479505479, 0, -0.87768817) CFrameMon = CFrame.new(3583.504150390625, 13.88607120513916, 2197.8818359375) elseif MyLevel >= 1850 and MyLevel <= 1899 then Mon = "Possessed" LevelQuest = 2 NameQuest = "SeaOfTreatsQuest1" NameMon = "Possessed" CFrameQuest = CFrame.new(3522.09106, 15.0118675, 2011.59766, -0.87768817, 0, 0.479505479, 0, 1, 0, -0.479505479, 0, -0.87768817) CFrameMon = CFrame.new(3858.96142578125, 14.885621070861816, 2292.053466796875) elseif MyLevel >= 1900 and MyLevel <= 1949 then Mon = "Living Zombie" LevelQuest = 1 NameQuest = "SeaOfTreatsQuest2" NameMon = "Living Zombie" CFrameQuest = CFrame.new(3522.09106, 15.0118675, 2011.59766, -0.87768817, 0, 0.479505479, 0, 1, 0, -0.479505479, 0, -0.87768817) CFrameMon = CFrame.new(3382.493896484375, 14.885621070861816, 2259.610595703125) elseif MyLevel >= 1950 and MyLevel <= 1999 then Mon = "Possessed Mummy" LevelQuest = 2 NameQuest = "SeaOfTreatsQuest2" NameMon = "Possessed Mummy" CFrameQuest = CFrame.new(3522.09106, 15.0118675, 2011.59766, -0.87768817, 0, 0.479505479, 0, 1, 0, -0.479505479, 0, -0.87768817) CFrameMon = CFrame.new(3704.97509765625, 14.885621070861816, 2465.176025390625) elseif MyLevel >= 2000 and MyLevel <= 2049 then Mon = "Undead Knight" LevelQuest = 1 NameQuest = "HallowQuest1" NameMon = "Undead Knight" CFrameQuest = CFrame.new(-9251.68457, 10.9500093, -1373.91699, -0.198357731, 0, -0.980136275, 0, 1, 0, 0.980136275, 0, -0.198357731) CFrameMon = CFrame.new(-9355.7001953125, 10.428488731384277, -1318.5721435546875) elseif MyLevel >= 2050 and MyLevel <= 2099 then Mon = "Reaper" LevelQuest = 2 NameQuest = "HallowQuest1" NameMon = "Reaper" CFrameQuest = CFrame.new(-9251.68457, 10.9500093, -1373.91699, -0.198357731, 0, -0.980136275, 0, 1, 0, 0.980136275, 0, -0.198357731) CFrameMon = CFrame.new(-9292.0966796875, 10.428488731384277, -1274.9224853515625) elseif MyLevel >= 2100 and MyLevel <= 2149 then Mon = "Hallow Soldier" LevelQuest = 1 NameQuest = "HallowQuest2" NameMon = "Hallow Soldier" CFrameQuest = CFrame.new(-9251.68457, 10.9500093, -1373.91699, -0.198357731, 0, -0.980136275, 0, 1, 0, 0.980136275, 0, -0.198357731) CFrameMon = CFrame.new(-9283.4736328125, 10.428488731384277, -1311.6661376953125) elseif MyLevel >= 2150 and MyLevel <= 2199 then Mon = "Hallow Knight" LevelQuest = 2 NameQuest = "HallowQuest2" NameMon = "Hallow Knight" CFrameQuest = CFrame.new(-9251.68457, 10.9500093, -1373.91699, -0.198357731, 0, -0.980136275, 0, 1, 0, 0.980136275, 0, -0.198357731) CFrameMon = CFrame.new(-9245.89453125, 10.428488731384277, -1355.2755126953125) elseif MyLevel >= 2200 and MyLevel <= 2249 then Mon = "Giant Islander" LevelQuest = 1 NameQuest = "IslanderQuest" NameMon = "Giant Islander" CFrameQuest = CFrame.new(4529.61035, 656.756958, -131.68541, 0.819152057, -0, 0.573581755, 0, 1, -0, -0.573581755, 0, 0.819152057) CFrameMon = CFrame.new(4697.10009765625, 656.7569580078125, -239.11709594726562) elseif MyLevel >= 2250 and MyLevel <= 2299 then Mon = "Islander Guard" LevelQuest = 2 NameQuest = "IslanderQuest" NameMon = "Islander Guard" CFrameQuest = CFrame.new(4529.61035, 656.756958, -131.68541, 0.819152057, -0, 0.573581755, 0, 1, -0, -0.573581755, 0, 0.819152057) CFrameMon = CFrame.new(4770.82568359375, 656.7569580078125, -282.859619140625) elseif MyLevel >= 2300 and MyLevel <= 2349 then Mon = "Chocolate" LevelQuest = 1 NameQuest = "ChocQuest1" NameMon = "Chocolate" CFrameQuest = CFrame.new(150.5066375732422, 30.693693161010742, -12774.5029296875) CFrameMon = CFrame.new(165.1884765625, 76.05885314941406, -12600.8369140625) elseif MyLevel >= 2350 and MyLevel <= 2399 then Mon = "Candy" LevelQuest = 2 NameQuest = "ChocQuest1" NameMon = "Candy" CFrameQuest = CFrame.new(150.5066375732422, 30.693693161010742, -12774.5029296875) CFrameMon = CFrame.new(165.1884765625, 76.05885314941406, -12600.8369140625) elseif MyLevel >= 2400 and MyLevel <= 2449 then Mon = "Sweet Thief" LevelQuest = 1 NameQuest = "ChocQuest2" NameMon = "Sweet Thief" CFrameQuest = CFrame.new(150.5066375732422, 30.693693161010742, -12774.5029296875) CFrameMon = CFrame.new(165.1884765625, 76.05885314941406, -12600.8369140625) elseif MyLevel >= 2450 and MyLevel <= 2500 then Mon = "Candy Rebel" LevelQuest = 2 NameQuest = "ChocQuest2" NameMon = "Candy Rebel" CFrameQuest = CFrame.new(150.5066375732422, 30.693693161010742, -12774.5029296875) CFrameMon = CFrame.new(165.1884765625, 76.05885314941406, -12600.8369140625) end end end function CheckSkill() if _G.AutoSkill then if NameQuest == "BanditQuest1" then if MyWeapon == "Melee" then if MyLevel >= 1 and MyLevel <= 9 then Click() end end elseif NameQuest == "JungleQuest" then if MyWeapon == "Melee" then if MyLevel >= 10 and MyLevel <= 14 then Click() elseif MyLevel >= 15 and MyLevel <= 29 then Click() end end elseif NameQuest == "BuggyQuest1" then if MyWeapon == "Melee" then if MyLevel >= 30 and MyLevel <= 39 then Click() elseif MyLevel >= 40 and MyLevel <= 59 then Click() end end elseif NameQuest == "DesertQuest" then if MyWeapon == "Melee" then if MyLevel >= 60 and MyLevel <= 74 then Click() elseif MyLevel >= 75 and MyLevel <= 89 then Click() end end elseif NameQuest == "SnowQuest" then if MyWeapon == "Melee" then if MyLevel >= 90 and MyLevel <= 99 then Click() elseif MyLevel >= 100 and MyLevel <= 119 then Click() end end elseif NameQuest == "MarineQuest2" then if MyWeapon == "Melee" then if MyLevel >= 120 and MyLevel <= 149 then Click() end end elseif NameQuest == "SkyQuest" then if MyWeapon == "Melee" then if MyLevel >= 150 and MyLevel <= 174 then Click() elseif MyLevel >= 175 and MyLevel <= 189 then Click() end end elseif NameQuest == "PrisonerQuest" then if MyWeapon == "Melee" then if MyLevel >= 190 and MyLevel <= 209 then Click() elseif MyLevel >= 210 and MyLevel <= 249 then Click() end end elseif NameQuest == "ColosseumQuest" then if MyWeapon == "Melee" then if MyLevel >= 250 and MyLevel <= 274 then Click() elseif MyLevel >= 275 and MyLevel <= 299 then Click() end end elseif NameQuest == "MagmaQuest" then if MyWeapon == "Melee" then if MyLevel >= 300 and MyLevel <= 324 then Click() elseif MyLevel >= 325 and MyLevel <= 374 then Click() end end elseif NameQuest == "FishmanQuest" then if MyWeapon == "Melee" then if MyLevel >= 375 and MyLevel <= 399 then Click() elseif MyLevel >= 400 and MyLevel <= 449 then Click() end end elseif NameQuest == "SkyExp1Quest" then if MyWeapon == "Melee" then if MyLevel >= 450 and MyLevel <= 474 then Click() elseif MyLevel >= 475 and MyLevel <= 524 then Click() end end elseif NameQuest == "SkyExp2Quest" then if MyWeapon == "Melee" then if MyLevel >= 525 and MyLevel <= 549 then Click() elseif MyLevel >= 550 and MyLevel <= 624 then Click() end end elseif NameQuest == "FountainQuest" then if MyWeapon == "Melee" then if MyLevel >= 625 and MyLevel <= 649 then Click() elseif MyLevel >= 650 and MyLevel <= 699 then Click() end end elseif NameQuest == "Area1Quest" then if MyWeapon == "Melee" then if MyLevel >= 700 and MyLevel <= 724 then Click() elseif MyLevel >= 725 and MyLevel <= 774 then Click() end end elseif NameQuest == "Area2Quest" then if MyWeapon == "Melee" then if MyLevel >= 775 and MyLevel <= 799 then Click() elseif MyLevel >= 800 and MyLevel <= 874 then Click() end end elseif NameQuest == "MarineQuest3" then if MyWeapon == "Melee" then if MyLevel >= 875 and MyLevel <= 899 then Click() elseif MyLevel >= 900 and MyLevel <= 949 then Click() end end elseif NameQuest == "ZombieQuest" then if MyWeapon == "Melee" then if MyLevel >= 950 and MyLevel <= 974 then Click() elseif MyLevel >= 975 and MyLevel <= 999 then Click() end end elseif NameQuest == "SnowMountainQuest" then if MyWeapon == "Melee" then if MyLevel >= 1000 and MyLevel <= 1049 then Click() elseif MyLevel >= 1050 and MyLevel <= 1099 then Click() end end elseif NameQuest == "IceSideQuest" then if MyWeapon == "Melee" then if MyLevel >= 1100 and MyLevel <= 1124 then Click() elseif MyLevel >= 1125 and MyLevel <= 1174 then Click() end end elseif NameQuest == "FireSideQuest" then if MyWeapon == "Melee" then if MyLevel >= 1175 and MyLevel <= 1199 then Click() elseif MyLevel >= 1200 and MyLevel <= 1249 then Click() end end elseif NameQuest == "ShipQuest1" then if MyWeapon == "Melee" then if MyLevel >= 1250 and MyLevel <= 1274 then Click() end end elseif NameQuest == "ShipQuest2" then if MyWeapon == "Melee" then if MyLevel >= 1275 and MyLevel <= 1349 then Click() end end elseif NameQuest == "VayneQuest" then if MyWeapon == "Melee" then if MyLevel >= 1350 and MyLevel <= 1400 then Click() end end elseif NameQuest == "SaberQuest" then if MyWeapon == "Melee" then if MyLevel >= 1400 and MyLevel <= 1500 then Click() end end elseif NameQuest == "3rdSeaQuest" then if MyWeapon == "Melee" then if MyLevel >= 1500 and MyLevel <= 1524 then Click() elseif MyLevel >= 1525 and MyLevel <= 1574 then Click() end end elseif NameQuest == "PortQuest" then if MyWeapon == "Melee" then if MyLevel >= 1575 and MyLevel <= 1624 then Click() elseif MyLevel >= 1625 and MyLevel <= 1699 then Click() end end elseif NameQuest == "CyborgQuest" then if MyWeapon == "Melee" then if MyLevel >= 1700 and MyLevel <= 1749 then Click() elseif MyLevel >= 1750 and MyLevel <= 1799 then Click() end end elseif NameQuest == "SeaOfTreatsQuest1" then if MyWeapon == "Melee" then if MyLevel >= 1800 and MyLevel <= 1849 then Click() elseif MyLevel >= 1850 and MyLevel <= 1899 then Click() end end elseif NameQuest == "SeaOfTreatsQuest2" then if MyWeapon == "Melee" then if MyLevel >= 1900 and MyLevel <= 1949 then Click() elseif MyLevel >= 1950 and MyLevel <= 1999 then Click() end end elseif NameQuest == "HallowQuest1" then if MyWeapon == "Melee" then if MyLevel >= 2000 and MyLevel <= 2049 then Click() elseif MyLevel >= 2050 and MyLevel <= 2099 then Click() end end elseif NameQuest == "HallowQuest2" then if MyWeapon == "Melee" then if MyLevel >= 2100 and MyLevel <= 2149 then Click() elseif MyLevel >= 2150 and MyLevel <= 2199 then Click() end end elseif NameQuest == "IslanderQuest" then if MyWeapon == "Melee" then if MyLevel >= 2200 and MyLevel <= 2249 then Click() elseif MyLevel >= 2250 and MyLevel <= 2299 then Click() end end elseif NameQuest == "ChocQuest1" then if MyWeapon == "Melee" then if MyLevel >= 2300 and MyLevel <= 2349 then Click() elseif MyLevel >= 2350 and MyLevel <= 2399 then Click() end end elseif NameQuest == "ChocQuest2" then if MyWeapon == "Melee" then if MyLevel >= 2400 and MyLevel <= 2449 then Click() elseif MyLevel >= 2450 and MyLevel <= 2500 then Click() end end end end end function ReadSettings() local s,o=pcall(function() local h = game:GetService("HttpService") return h:JSONDecode(readfile("SlaHub.txt")) end) if not s then return nil end return o end function SaveSettings() local o = {} local h = game:GetService("HttpService") writefile("SlaHub.txt", h:JSONEncode(o)) end function topos(c) local l=game.Players.LocalPlayer.Character if l then if l:FindFirstChild("HumanoidRootPart") then l.HumanoidRootPart.CFrame = c end end end function GetMob() local c = game.Players.LocalPlayer.Character local h=c:FindFirstChild("HumanoidRootPart") local d=_G.MagnitudeAdd local p=d local m=nil if _G.AutoFarm then if World1 or World2 then for _,v in pairs(game:GetService("Workspace").Enemies:GetChildren()) do if v:FindFirstChild("Humanoid") and v:FindFirstChild("HumanoidRootPart") and v.Humanoid.Health>0 and v.Name:find(Mon) then if (v.HumanoidRootPart.Position - h.Position).Magnitude < p or m==nil then p=(v.HumanoidRootPart.Position - h.Position).Magnitude m=v end end end elseif World3 then for _,v in pairs(game.Workspace:GetChildren()) do if v:FindFirstChild("Humanoid") and v:FindFirstChild("HumanoidRootPart") and v.Humanoid.Health>0 and v.Name:find(Mon) then if (v.HumanoidRootPart.Position - h.Position).Magnitude < p or m==nil then p=(v.HumanoidRootPart.Position - h.Position).Magnitude m=v end end end end end return m end local function GetClosestTarget() local Target = nil local Distance = math.huge for i,v in next, game:GetService("Players").LocalPlayer.Character.HumanoidRootPart.CFrame do if v:FindFirstChild("Humanoid") and v.Humanoid.Health > 0 then local NewDistance = (game:GetService("Players").LocalPlayer.Character.HumanoidRootPart.CFrame.Position - v.HumanoidRootPart.CFrame.Position).Magnitude if NewDistance < Distance then Target = v Distance = NewDistance end end end return Target end function GetClosestFruit() local Target = nil local Distance = math.huge for i,v in next, game:GetService("Workspace"):GetChildren() do if string.find(v.Name, "Fruit") then local NewDistance = (game:GetService("Players").LocalPlayer.Character.HumanoidRootPart.Position - v.Handle.Position).Magnitude if NewDistance < Distance then Target = v Distance = NewDistance end end end return Target end local Players = game:GetService("Players") local LocalPlayer = Players.LocalPlayer local PlayerGui = LocalPlayer:WaitForChild("PlayerGui") local ReplicatedStorage = game:GetService("ReplicatedStorage") local TeleportService = game:GetService("TeleportService") function Hop() TeleportService:Teleport(game.PlaceId) end function TeleportToIsland(Name) if Name == "Starters" then topos(CFrame.new(1059.37195, 15.4495068, 1550.4231)) elseif Name == "Jungle" then topos(CFrame.new(-1598.08911, 35.5501175, 153.377838)) elseif Name == "Buggy" then topos(CFrame.new(-1141.07483, 4.10001802, 3831.5498)) elseif Name == "Desert" then topos(CFrame.new(894.488647, 5.14000702, 4392.43359)) elseif Name == "Snow" then topos(CFrame.new(1389.74451, 88.1519318, -1298.90796)) elseif Name == "MarineFord" then topos(CFrame.new(-5039.58643, 27.3500385, 4324.68018)) elseif Name == "Sky" then topos(CFrame.new(-4839.53027, 716.368591, -2619.44165)) elseif Name == "Prison" then topos(CFrame.new(5308.93115, 1.65517521, 475.120514)) elseif Name == "Colosseum" then topos(CFrame.new(-1580.04663, 6.35000277, -2986.47534)) elseif Name == "Magma" then topos(CFrame.new(-5313.37012, 10.9500084, 8515.29395)) elseif Name == "Fishman" then topos(CFrame.new(61122.65234375, 18.497442245483, 1569.3997802734)) elseif Name == "SkyExp1" then topos(CFrame.new(-4721.88867, 843.874695, -1949.96643)) elseif Name == "SkyExp2" then topos(CFrame.new(-7906.81592, 5634.6626, -1411.99194)) elseif Name == "Fountain" then topos(CFrame.new(5259.81982, 37.3500175, 4050.0293)) elseif Name == "Island 1" then topos(CFrame.new(-429.543518, 71.7699966, 1836.18188)) elseif Name == "Island 2" then topos(CFrame.new(638.43811, 71.769989, 918.282898)) elseif Name == "Marineford2" then topos(CFrame.new(-2440.79639, 71.7140732, -3216.06812)) elseif Name == "Zombie" then topos(CFrame.new(-5497.06152, 47.5923004, -795.237061)) elseif Name == "Snow Mountain" then topos(CFrame.new(609.858826, 400.119904, -5372.25928)) elseif Name == "Punk Hazard" then topos(CFrame.new(-6064.06885, 15.2422857, -4902.97852)) elseif Name == "Green Bit" then topos(CFrame.new(-5428.03174, 15.0622921, -5299.43457)) elseif Name == "Ship" then topos(CFrame.new(1037.80127, 125.092171, 32911.6016)) elseif Name == "3rd Sea" then topos(CFrame.new(-1882.02942, 12.8198519, 1729.58557)) elseif Name == "Port" then topos(CFrame.new(2011.05432, 15.0118847, -2630.55127)) elseif Name == "Cyborg" then topos(CFrame.new(-3090.87573, 22.8447838, 203.491638)) elseif Name == "Sea of Treats" then topos(CFrame.new(3522.09106, 15.0118675, 2011.59766)) elseif Name == "Hallow" then topos(CFrame.new(-9251.68457, 10.9500093, -1373.91699)) elseif Name == "Islander" then topos(CFrame.new(4529.61035, 656.756958, -131.68541)) elseif Name == "Choco" then topos(CFrame.new(150.5066375732422, 30.693693161010742, -12774.5029296875)) end end function CheckBoss() if _G.AutoBoss and World1 then if MyLevel >= 120 and MyLevel <= 149 and World1 then MonBoss = "Chief Petty Officer" NameBoss = "MarinefordBoss" CFrameBoss = CFrame.new(-5039.58643, 27.3500385, 4324.68018) CFrameBossMon = CFrame.new(-4881.23095703125, 22.65204429626465, 4273.75244140625) elseif MyLevel >= 150 and MyLevel <= 174 and World1 then MonBoss = "Sky Bandit" NameBoss = "SkyBoss" CFrameBoss = CFrame.new(-4839.53027, 716.368591, -2619.44165) CFrameBossMon = CFrame.new(-4953.20703125, 295.74420166015625, -2899.22900390625) elseif MyLevel >= 175 and MyLevel <= 189 and World1 then MonBoss = "Dark Master" NameBoss = "SkyBoss" CFrameBoss = CFrame.new(-4839.53027, 716.368591, -2619.44165) CFrameBossMon = CFrame.new(-5259.8447265625, 391.3976745605469, -2229.035400390625) elseif MyLevel >= 190 and MyLevel <= 209 and World1 then MonBoss = "Prisoner" NameBoss = "PrisonerBoss" CFrameBoss = CFrame.new(5308.93115, 1.65517521, 475.120514) CFrameBossMon = CFrame.new(5098.9736328125, -0.3204058110713959, 474.2373352050781) elseif MyLevel >= 210 and MyLevel <= 249 and World1 then MonBoss = "Dangerous Prisoner" NameBoss = "PrisonerBoss" CFrameBoss = CFrame.new(5308.93115, 1.65517521, 475.120514) CFrameBossMon = CFrame.new(5654.5634765625, 15.633401870727539, 866.2991943359375) elseif MyLevel >= 250 and MyLevel <= 274 and World1 then MonBoss = "Toga Warrior" NameBoss = "ColosseumBoss" CFrameBoss = CFrame.new(-1580.04663, 6.35000277, -2986.47534) CFrameBossMon = CFrame.new(-1820.21484375, 51.68385696411133, -2740.6650390625) elseif MyLevel >= 275 and MyLevel <= 299 and World1 then MonBoss = "Gladiator" NameBoss = "ColosseumBoss" CFrameBoss = CFrame.new(-1580.04663, 6.35000277, -2986.47534) CFrameBossMon = CFrame.new(-1292.838134765625, 56.380882263183594, -3339.031494140625) elseif MyLevel >= 300 and MyLevel <= 324 and World1 then MonBoss = "Military Soldier" NameBoss = "MagmaBoss" CFrameBoss = CFrame.new(-5313.37012, 10.9500084, 8515.29395) CFrameBossMon = CFrame.new(-5411.16455078125, 11.081554412841797, 8454.29296875) elseif MyLevel >= 325 and MyLevel <= 374 and World1 then MonBoss = "Military Spy" NameBoss = "MagmaBoss" CFrameBoss = CFrame.new(-5313.37012, 10.9500084, 8515.29395) CFrameBossMon = CFrame.new(-5802.8681640625, 86.26241302490234, 8828.859375) elseif MyLevel >= 375 and MyLevel <= 399 and World1 then MonBoss = "Fishman Warrior" NameBoss = "FishmanBoss" CFrameBoss = CFrame.new(61122.65234375, 18.497442245483, 1569.3997802734) CFrameBossMon = CFrame.new(60878.30078125, 18.482830047607422, 1543.7574462890625) elseif MyLevel >= 400 and MyLevel <= 449 and World1 then MonBoss = "Fishman Commando" NameBoss = "FishmanBoss" CFrameBoss = CFrame.new(61122.65234375, 18.497442245483, 1569.3997802734) CFrameBossMon = CFrame.new(61922.6328125, 18.482830047607422, 1493.934326171875) elseif MyLevel >= 450 and MyLevel <= 474 and World1 then MonBoss = "God's Guard" NameBoss = "SkyExp1Boss" CFrameBoss = CFrame.new(-4721.88867, 843.874695, -1949.96643) CFrameBossMon = CFrame.new(-4710.04296875, 845.2769775390625, -1927.3079833984375) elseif MyLevel >= 475 and MyLevel <= 524 and World1 then MonBoss = "Shanda" NameBoss = "SkyExp1Boss" CFrameBoss = CFrame.new(-7859.09814, 5544.19043, -381.476196) CFrameBossMon = CFrame.new(-7678.48974609375, 5566.40380859375, -497.2156066894531) elseif MyLevel >= 525 and MyLevel <= 549 and World1 then MonBoss = "Royal Squad" NameBoss = "SkyExp2Boss" CFrameBoss = CFrame.new(-7906.81592, 5634.6626, -1411.99194) CFrameBossMon = CFrame.new(-7624.25244140625, 5658.13330078125, -1467.354248046875) elseif MyLevel >= 550 and MyLevel <= 624 and World1 then MonBoss = "Royal Soldier" NameBoss = "SkyExp2Boss" CFrameBoss = CFrame.new(-7906.81592, 5634.6626, -1411.99194) CFrameBossMon = CFrame.new(-7836.75341796875, 5645.6640625, -1790.6236572265625) elseif MyLevel >= 625 and MyLevel <= 649 and World1 then MonBoss = "Galley Pirate" NameBoss = "FountainBoss" CFrameBoss = CFrame.new(5259.81982, 37.3500175, 4050.0293) CFrameBossMon = CFrame.new(5551.02197265625, 78.90135192871094, 3930.412841796875) elseif MyLevel >= 650 and MyLevel <= 699 and World1 then MonBoss = "Galley Captain" NameBoss = "FountainBoss" CFrameBoss = CFrame.new(5259.81982, 37.3500175, 4050.0293) CFrameBossMon = CFrame.new(5441.95166015625, 42.50205993652344, 4950.09375) end elseif _G.AutoBoss and World2 then if MyLevel >= 700 and MyLevel <= 724 and World2 then MonBoss = "Raider" NameBoss = "Area1Boss" CFrameBoss = CFrame.new(-429.543518, 71.7699966, 1836.18188) CFrameBossMon = CFrame.new(-728.3267211914062, 52.779319763183594, 2345.7705078125) elseif MyLevel >= 725 and MyLevel <= 774 and World2 then MonBoss = "Mercenary" NameBoss = "Area1Boss" CFrameBoss = CFrame.new(-429.543518, 71.7699966, 1836.18188) CFrameBossMon = CFrame.new(-1004.3244018554688, 80.15886688232422, 1424.619384765625) elseif MyLevel >= 775 and MyLevel <= 799 and World2 then MonBoss = "Swan Pirate" NameBoss = "Area2Boss" CFrameBoss = CFrame.new(638.43811, 71.769989, 918.282898) CFrameBossMon = CFrame.new(1068.664306640625, 137.61428833007812, 1322.1060791015625) elseif MyLevel >= 800 and MyLevel <= 874 and World2 then MonBoss = "Factory Staff" NameBoss = "Area2Boss" CFrameBoss = CFrame.new(632.698608, 73.1055908, 918.666321) CFrameBossMon = CFrame.new(73.07867431640625, 81.8